homeSize: 10
doorSize: 0.500000
connectionRadius: 1.000000
sightRadius: 3.535534
