homeSize: 10
doorSize: 0.500000
connectionRadius: 1.000000
sightRadius: 4.714045
