<<<<<<< HEAD
homeSize: 10
doorSize: 0.300000
connectionRadius: 1.000000
sightRadius: 2.357023
=======
homeSize: 9
doorSize: 0.300000
connectionRadius: 1.000000
sightRadius: 2.121320
>>>>>>> 73759abc37a47b7e03a8bdbd4e01b7709ba1c4f8
