homeSize: 12
doorSize: 0.300000
connectionRadius: 3.000000
sightRadius: 5.656854
