homeSize: 10
doorSize: 0.300000
connectionRadius: 1.000000
sightRadius: 2.357023
