homeSize: 9
doorSize: 0.300000
connectionRadius: 1.000000
sightRadius: 2.121320
