homeSize: 10
doorSize: 0.300000
connectionRadius: 2.000000
sightRadius: 7.071068
